Random
Pos ap raw: [0.3886269347642536, 0.40546425580061163, 0.582317650418743, 0.8577623409346835, 0.8803885015658324, 0.3304804553417354, 0.5877869504420761, 0.6145659614016741, 0.580948497764671, 0.5362117109157878, 0.7619239022054816, 0.7317249576591924, 0.7644017808012646, 0.5862709239839013, 0.8050756633573973, 0.392639548016483, 0.6318248095459507, 0.38893740954989664, 0.8170626465201876, 0.7983684296930649, 0.7850220285712741, 0.678009537187559]
Neg ap raw: [0.7362885766284719, 0.8597815227342142, 1.0, 0.6091836224743405, 0.9304337070952784, 0.9329902016628022, 0.8452854066117436, 0.7827821855227128, 0.8544896150473951, 0.9648044927393113, 0.3862622975851736, 0.6613852119781649, 0.7777134179734476, 0.9247634243080758, 0.3775766605615446, 0.7559530623308944, 0.9061019582412773, 0.7780414300808787, 0.8962488129154794, 0.392248262850172, 0.6430935886438982, 0.9310632885632886, 1.0]
Positive preference MAP:
              pour     scoop     stab       cut      lift    hammer  handover
cup      0.388627  0.405464  0.00000  0.000000  0.000000  0.000000  0.582318
spatula  0.857762  0.880389  0.33048  0.587787  0.614566  0.580948  0.536212
bowl     0.000000  0.761924  0.00000  0.000000  0.000000  0.731725  0.764402
pan      0.586271  0.805076  0.39264  0.000000  0.000000  0.631825  0.388937
bottle   0.817063  0.798368  0.00000  0.000000  0.000000  0.785022  0.678010
Mean: 0.6320824952928056, Weighted Average: 0.5419727357544496

Negative preference MAP:
              pour     scoop      stab       cut     lift    hammer  handover
cup      0.736289  0.859782  0.000000  0.000000  0.00000  1.000000  0.609184
spatula  0.930434  0.932990  0.845285  0.782782  0.85449  0.964804  0.386262
bowl     0.661385  0.777713  0.000000  0.000000  0.00000  0.924763  0.377577
pan      0.755953  0.906102  0.778041  0.000000  0.00000  0.896249  0.392248
bottle   0.643094  0.931063  0.000000  0.000000  0.00000  1.000000  0.000000
Mean: 0.7802822063716768, Weighted Average: 0.7626856932862388

KNN:
Pos ap raw: [0.5126668754987357, 0.499941903310294, 0.69533100768992, 0.8533399464790076, 0.9911458930550775, 0.5418177816407306, 0.749535220402759, 0.7590137008288652, 0.7489860167323057, 0.7102026698419661, 0.7892468588814252, 0.7149355964998116, 0.8580109434669652, 0.8090376072729015, 1.0, 0.9178541943093027, 0.7758761229259625, 0.9121028879388013, 0.9846257338827344, 0.8357353742770139, 0.9076982558527645, 0.8953878187162433]
Neg ap raw: [0.9309055166584276, 0.9426798451916909, 1.0, 0.856910964806089, 0.9631979686979687, 0.96875, 0.9394786632988744, 0.8248995460035878, 0.8690510161214196, 0.9541921956182792, 0.7414827361465012, 0.7732231094089785, 0.8933761602855063, 0.9519059084528748, 0.7072344388986869, 0.9563089688089688, 1.0, 0.8902097814120349, 0.9222222222222223, 0.8041805504437084, 0.8878149315281668, 0.9254879148629149, 1.0]
Positive preference MAP:
              pour     scoop      stab       cut      lift    hammer  handover
cup      0.512667  0.499942  0.000000  0.000000  0.000000  0.000000  0.695331
spatula  0.853340  0.991146  0.541818  0.749535  0.759014  0.748986  0.710203
bowl     0.000000  0.789247  0.000000  0.000000  0.000000  0.714936  0.858011
pan      0.809038  1.000000  0.917854  0.000000  0.000000  0.775876  0.912103
bottle   0.984626  0.835735  0.000000  0.000000  0.000000  0.907698  0.895388
Mean: 0.7937496549774359, Weighted Average: 0.6649908514030326

Negative preference MAP:
              pour     scoop      stab     cut      lift    hammer  handover
cup      0.930906  0.942680  0.000000  0.0000  0.000000  1.000000  0.856911
spatula  0.963198  0.968750  0.939479  0.8249  0.869051  0.954192  0.741483
bowl     0.773223  0.893376  0.000000  0.0000  0.000000  0.951906  0.707234
pan      0.956309  1.000000  0.890210  0.0000  0.000000  0.922222  0.804181
bottle   0.887815  0.925488  0.000000  0.0000  0.000000  1.000000  0.000000
Mean: 0.9001527147333436, Weighted Average: 0.8779371357002788

Frequency Table:
Pos ap raw: [0.6496343008976679, 0.4879378376737692, 0.8437824247931102, 1.0, 1.0, 0.1699369883741198, 0.9816224529027295, 0.9474345507433741, 0.9652868554829338, 0.5406171754565543, 0.7044407848944143, 0.6918140076510314, 0.7766942483417926, 1.0, 1.0, 0.41476570290734377, 0.6906567916036901, 0.7621098723544544, 0.9853227492751486, 1.0, 0.9930555555555556, 0.719927111603188]
Neg ap raw: [0.9766906533520038, 0.9884524399952174, 1.0, 0.8141950035990233, 0.976907894736842, 1.0, 0.9760660453452636, 0.9880717199467199, 0.98698240995116, 0.9960239066489066, 0.9198410251644942, 0.727914779348741, 0.7873333378748111, 0.925843100872036, 0.45265108445690877, 1.0, 1.0, 0.9119451271626119, 1.0, 0.8435204344764029, 0.9371580655326784, 1.0, 1.0]
Positive preference MAP:
              pour     scoop      stab       cut      lift    hammer  handover
cup      0.649634  0.487938  0.000000  0.000000  0.000000  0.000000  0.843782
spatula  1.000000  1.000000  0.169937  0.981622  0.947435  0.965287  0.540617
bowl     0.000000  0.704441  0.000000  0.000000  0.000000  0.691814  0.776694
pan      1.000000  1.000000  0.414766  0.000000  0.000000  0.690657  0.762110
bottle   0.985323  1.000000  0.000000  0.000000  0.000000  0.993056  0.719927
Mean: 0.7875017913868582, Weighted Average: 0.6759440837462075

Negative preference MAP:
              pour     scoop      stab       cut      lift    hammer  handover
cup      0.976691  0.988452  0.000000  0.000000  0.000000  1.000000  0.814195
spatula  0.976908  1.000000  0.976066  0.988072  0.986982  0.996024  0.919841
bowl     0.727915  0.787333  0.000000  0.000000  0.000000  0.925843  0.452651
pan      1.000000  1.000000  0.911945  0.000000  0.000000  1.000000  0.843520
bottle   0.937158  1.000000  0.000000  0.000000  0.000000  1.000000  0.000000
Mean: 0.9221563925419052, Weighted Average: 0.8954862448070278

Wide And Deep
Pos ap raw: [0.9768644572499655, 0.766724336793541, 0.7996864619316616, 0.9482785993962464, 1.0, 1.0, 0.9846153846153847, 0.9585270498732038, 0.9866255144032922, 0.7212334109307736, 0.7032551520717846, 0.7000780920514794, 0.7648364855928865, 1.0, 1.0, 0.8650998329156223, 0.9495030663780664, 1.0, 0.9853227492751486, 1.0, 0.9930555555555556, 0.8295429370142365]
Neg ap raw: [0.9837516507529134, 0.9884524399952174, 1.0, 0.86996872708461, 0.9923026315789475, 1.0, 0.9657293694140264, 0.9960827556282101, 0.9922647722647723, 0.9994437380801017, 0.981721484318887, 0.7238557966647584, 0.7914679440094172, 0.9248011609762341, 0.44270509876904995, 1.0, 0.9525358851674641, 0.9103111402345073, 0.9101851851851852, 0.9651103896103895, 0.9371580655326784, 1.0, 1.0]
Positive preference MAP:
              pour     scoop    stab       cut      lift    hammer  handover
cup      0.976864  0.766724  0.0000  0.000000  0.000000  0.000000  0.799686
spatula  0.948279  1.000000  1.0000  0.984615  0.958527  0.986626  0.721233
bowl     0.000000  0.703255  0.0000  0.000000  0.000000  0.700078  0.764836
pan      1.000000  1.000000  0.8651  0.000000  0.000000  0.949503  1.000000
bottle   0.985323  1.000000  0.0000  0.000000  0.000000  0.993056  0.829543
Mean: 0.9060567766385841, Weighted Average: 0.7857499834170754

Negative preference MAP:
              pour     scoop      stab       cut      lift    hammer  handover
cup      0.983752  0.988452  0.000000  0.000000  0.000000  1.000000  0.869969
spatula  0.992303  1.000000  0.965729  0.996083  0.992265  0.999444  0.981721
bowl     0.723856  0.791468  0.000000  0.000000  0.000000  0.924801  0.442705
pan      1.000000  0.952536  0.910311  0.000000  0.000000  0.910185  0.965110
bottle   0.937158  1.000000  0.000000  0.000000  0.000000  1.000000  0.000000
Mean: 0.927297749359451, Weighted Average: 0.9028504330845873