Random:
Pos ap raw: [0.5281287545226627, 0.5802842150985549, 0.5801544192232531, 0.5380889987723487, 0.571464193049299, 0.6209858381895618, 0.5666528662936969, 0.6004534060670612, 0.5702364925633475, 0.607162293523639]
Neg ap raw: [0.8744615355009435, 0.8678367527157894, 0.8446189678798148, 0.8487294673924094, 0.8653040202060839, 0.861983222041921, 0.8313088308628644, 0.8592309112457862, 0.8388560273127723, 0.8529678957225956]
Hit@1 raw: [0.08653846153846154, 0.12380952380952381, 0.1201923076923077, 0.12135922330097088, 0.13270142180094788, 0.13793103448275862, 0.16055045871559634, 0.12857142857142856, 0.10047846889952153, 0.14492753623188406]
Hit@2 raw: [0.052884615384615384, 0.06666666666666667, 0.08173076923076923, 0.07281553398058252, 0.07109004739336493, 0.08374384236453201, 0.09174311926605505, 0.0761904761904762, 0.05263157894736842, 0.10628019323671498]
Hit@3 raw: [0.019230769230769232, 0.04285714285714286, 0.0625, 0.04854368932038835, 0.04739336492890995, 0.06896551724137931, 0.05045871559633028, 0.05238095238095238, 0.04784688995215311, 0.07246376811594203]
Hits@5 raw: [0.08269230769230769, 0.10571428571428569, 0.12115384615384618, 0.12330097087378637, 0.12227488151658769, 0.13103448275862067, 0.1458715596330275, 0.1257142857142857, 0.12057416267942582, 0.14106280193236717]

Positive preference MAP: 0.5763611477303425
Negative preference MAP: 0.8545297630880981
Hit@1: 0.1257059865043401
Hit@2: 0.07557768426611455
Hit@3: 0.05126408096239675
Hits@5: 0.12193935846685407

FT:
Pos ap raw: [0.726004043992761, 0.7870331757327683, 0.7000657483824003, 0.6409958426678015, 0.7100435466501255, 0.7539525000239063, 0.7179461601673686, 0.7266175063235087, 0.7004211438949434, 0.7596680445167726]
Neg ap raw: [0.9504837878509691, 0.9558307889806382, 0.9198963199033885, 0.9445996604656882, 0.9423142258598604, 0.9360641902108136, 0.9397208182441213, 0.9179109092243001, 0.929982568340194, 0.9226032464717036]
Hit@1 raw: [0.11538461538461539, 0.1619047619047619, 0.15865384615384615, 0.14563106796116504, 0.17061611374407584, 0.15763546798029557, 0.1743119266055046, 0.15714285714285714, 0.15311004784688995, 0.18357487922705315]
Hit@2 raw: [0.10096153846153846, 0.13333333333333333, 0.14423076923076922, 0.13106796116504854, 0.14691943127962084, 0.13793103448275862, 0.14678899082568808, 0.13333333333333333, 0.11961722488038277, 0.15942028985507245]
Hit@3 raw: [0.09615384615384616, 0.11904761904761904, 0.14423076923076922, 0.1262135922330097, 0.13744075829383887, 0.11822660098522167, 0.14220183486238533, 0.10952380952380952, 0.11483253588516747, 0.1497584541062802]
Hits@5 raw: [0.12019230769230771, 0.1419047619047619, 0.1557692307692308, 0.14854368932038833, 0.15355450236966828, 0.15467980295566502, 0.18532110091743126, 0.1504761904761905, 0.1406698564593301, 0.17971014492753626]

Positive preference MAP: 0.7222747712352356
Negative preference MAP: 0.9359406515551678
Hit@1: 0.15779655839510645
Hit@2: 0.13536039068475456
Hit@3: 0.12576298203219471
Hits@5: 0.15308215877925102

KNN:
Pos ap raw: [0.6231822770846552, 0.6306273540575226, 0.5898103317185689, 0.557710198695459, 0.5967645939939608, 0.6828883537719744, 0.6165401402329055, 0.662298095423866, 0.643490159518396, 0.6494272453385246]
Neg ap raw: [0.9310062353821218, 0.9150375986143746, 0.8933552486483319, 0.9139811175628423, 0.9119536857722202, 0.9162019492780037, 0.9012463533746264, 0.9153029686093996, 0.9090453203816079, 0.9135416549933961]
Hit@1 raw: [0.10576923076923077, 0.10952380952380952, 0.125, 0.1262135922330097, 0.14218009478672985, 0.15270935960591134, 0.1834862385321101, 0.13333333333333333, 0.14832535885167464, 0.1497584541062802]
Hit@2 raw: [0.09134615384615384, 0.09523809523809523, 0.0625, 0.07766990291262135, 0.11374407582938388, 0.10837438423645321, 0.12844036697247707, 0.08571428571428572, 0.1291866028708134, 0.10628019323671498]
Hit@3 raw: [0.07211538461538461, 0.08571428571428572, 0.0625, 0.06796116504854369, 0.08530805687203792, 0.09359605911330049, 0.11009174311926606, 0.06190476190476191, 0.11483253588516747, 0.08695652173913043]
Hits@5 raw: [0.09711538461538462, 0.12095238095238095, 0.12115384615384617, 0.12718446601941746, 0.13270142180094788, 0.14384236453201973, 0.15963302752293576, 0.13142857142857145, 0.13014354066985645, 0.14589371980676333]

Positive preference MAP: 0.6252738749835832
Negative preference MAP: 0.9120672132616925
Hit@1: 0.13762994717420896
Hit@2: 0.09984940608569987
Hit@3: 0.08409805140118783
Hits@5: 0.13100487235021238

Wide:
Pos ap raw: [0.7651034044366167, 0.8232056812082731, 0.718993857496655, 0.7206365213930227, 0.7522268566786802, 0.8022572656760653, 0.7793854526045398, 0.7507300279611371, 0.8063759995984915, 0.7376341141302759]
Neg ap raw: [0.9504837878509691, 0.9534861884491566, 0.9208879264116845, 0.9463676285857987, 0.9423277594530387, 0.9357009423475656, 0.9429113139655769, 0.9210267380859599, 0.9300333830270371, 0.9225163496951188]
Hit@1 raw: [0.125, 0.1619047619047619, 0.16826923076923078, 0.1796116504854369, 0.1895734597156398, 0.18719211822660098, 0.20642201834862386, 0.1619047619047619, 0.1674641148325359, 0.16908212560386474]
Hit@2 raw: [0.11057692307692307, 0.14285714285714285, 0.15384615384615385, 0.16019417475728157, 0.16587677725118483, 0.1625615763546798, 0.16972477064220184, 0.1380952380952381, 0.1339712918660287, 0.15458937198067632]
Hit@3 raw: [0.10576923076923077, 0.1380952380952381, 0.15384615384615385, 0.16019417475728157, 0.15639810426540285, 0.15270935960591134, 0.16055045871559634, 0.11428571428571428, 0.12440191387559808, 0.15458937198067632]
Hits@5 raw: [0.1278846153846154, 0.14857142857142858, 0.16153846153846155, 0.17378640776699028, 0.1696682464454976, 0.1665024630541872, 0.1972477064220183, 0.15619047619047624, 0.1588516746411483, 0.17971014492753626]

Positive preference MAP: 0.7656549181183756
Negative preference MAP: 0.9365742017871905
Hit@1: 0.17164242417914571
Hit@2: 0.14922934207275113
Hit@3: 0.14208397201968034
Hits@5: 0.16399516249423599

Wide & Deep:
Pos ap raw: [0.8700338212284416, 0.8852201697086267, 0.7850712848272807, 0.8035781938084706, 0.8598372328975464, 0.8777452728486389, 0.8460300980393564, 0.8148625633790811, 0.8435547609822288, 0.8228809958457172]
Neg ap raw: [0.9544198881571657, 0.9571298900180086, 0.9280081499116852, 0.9512867434012011, 0.943968172459643, 0.944055898090407, 0.9421412359233688, 0.9243034731497273, 0.9312556650051637, 0.9295981652045885]
Hit@1 raw: [0.16346153846153846, 0.19047619047619047, 0.1875, 0.20388349514563106, 0.21800947867298578, 0.20689655172413793, 0.23394495412844038, 0.17142857142857143, 0.18660287081339713, 0.19806763285024154]
Hit@2 raw: [0.15384615384615385, 0.1619047619047619, 0.1778846153846154, 0.18932038834951456, 0.1848341232227488, 0.1921182266009852, 0.19724770642201836, 0.14761904761904762, 0.14832535885167464, 0.1932367149758454]
Hit@3 raw: [0.12980769230769232, 0.15714285714285714, 0.16826923076923078, 0.16990291262135923, 0.17061611374407584, 0.1724137931034483, 0.1743119266055046, 0.1380952380952381, 0.1291866028708134, 0.17391304347826086]
Hits@5 raw: [0.15096153846153848, 0.16857142857142857, 0.17403846153846156, 0.19223300970873788, 0.18957345971563985, 0.18817733990147784, 0.22018348623853204, 0.17142857142857146, 0.16555023923444973, 0.20000000000000004]

Positive preference MAP: 0.8408814393565388
Negative preference MAP: 0.940616728132096
Hit@1: 0.19602712837011343
Hit@2: 0.17463370971773656
Hit@3: 0.15836594107384805
Hits@5: 0.18207175347988372


Deep:
Pos ap raw: [0.8692903531187829, 0.7882466895071585, 0.8248933235387222, 0.7965162161823973, 0.8000925414510304, 0.8752267099321768, 0.7907762614369838, 0.8433928634730292, 0.8589735811946865, 0.8271199424297553]
Neg ap raw: [0.9594886669006205, 0.9527573280168609, 0.9278102216161561, 0.9501156149002418, 0.9363225243421692, 0.9389419110612066, 0.9344932791346662, 0.9276861705599867, 0.9390309161997701, 0.9283093652207527]
Hit@1 raw: [0.15865384615384615, 0.15714285714285714, 0.1971153846153846, 0.2087378640776699, 0.1990521327014218, 0.2019704433497537, 0.21559633027522937, 0.18571428571428572, 0.18660287081339713, 0.2028985507246377]
Hit@2 raw: [0.14423076923076922, 0.14761904761904762, 0.18269230769230768, 0.19902912621359223, 0.17061611374407584, 0.18719211822660098, 0.1834862385321101, 0.16666666666666666, 0.15311004784688995, 0.19806763285024154]
Hit@3 raw: [0.125, 0.14285714285714285, 0.16346153846153846, 0.1796116504854369, 0.16113744075829384, 0.15763546798029557, 0.16972477064220184, 0.14285714285714285, 0.14354066985645933, 0.18357487922705315]
Hits@5 raw: [0.1461538461538462, 0.15047619047619049, 0.17884615384615382, 0.19320388349514558, 0.18388625592417068, 0.17931034482758623, 0.20183486238532106, 0.17619047619047623, 0.17320574162679425, 0.2067632850241546]

Positive preference MAP: 0.8274528482264725
Negative preference MAP: 0.939495599795243
Hit@1: 0.19134845655684832
Hit@2: 0.17327100686223015
Hit@3: 0.15694007031255647
Hits@5: 0.1789871039949839

Wide & Deep (Remove States):
Pos ap raw: [0.8516457893233996, 0.7801732818245959, 0.7219100674026084, 0.7973354771051896, 0.8027563037802335, 0.8462557232604978, 0.7754370311562298, 0.7992239202702109, 0.7963495462469506, 0.8349381039630397]
Neg ap raw: [0.9545704619484153, 0.9515173276029029, 0.9236832923196687, 0.9478959902204402, 0.9433234558502251, 0.9275861424315784, 0.9470973346679242, 0.9297825586899329, 0.932829814938571, 0.9326527662868829]
Hit@1 raw: [0.14423076923076922, 0.14761904761904762, 0.15865384615384615, 0.20388349514563106, 0.1943127962085308, 0.1921182266009852, 0.1926605504587156, 0.18095238095238095, 0.1722488038277512, 0.20772946859903382]
Hit@2 raw: [0.125, 0.1380952380952381, 0.15384615384615385, 0.18932038834951456, 0.16587677725118483, 0.1724137931034483, 0.1651376146788991, 0.1619047619047619, 0.1339712918660287, 0.1932367149758454]
Hit@3 raw: [0.1201923076923077, 0.13333333333333333, 0.14423076923076922, 0.1796116504854369, 0.16113744075829384, 0.15763546798029557, 0.16055045871559634, 0.1523809523809524, 0.11961722488038277, 0.178743961352657]
Hits@5 raw: [0.14423076923076925, 0.14476190476190476, 0.15865384615384615, 0.19029126213592232, 0.17061611374407584, 0.174384236453202, 0.19541284403669726, 0.17142857142857149, 0.154066985645933, 0.20096618357487922]

Positive preference MAP: 0.8006025244332957
Negative preference MAP: 0.939093914495654
Hit@1: 0.1794409384796692
Hit@2: 0.15988027340710748
Hit@3: 0.15074335668100253
Hits@5: 0.17048127171658012

Wide & Deep (Remove Objects):
Pos ap raw: [0.8291381156170194, 0.8693705239898468, 0.8489877593794799, 0.7898843681983697, 0.8246285032125039, 0.8022114989845115, 0.8059012875948429, 0.8390930574187769, 0.8617073939306708, 0.816573018901146]
Neg ap raw: [0.955305451173031, 0.952471950578018, 0.9245864999178953, 0.9490108070628409, 0.9425289433616376, 0.9298474810877114, 0.9393130864089608, 0.9261242530034418, 0.9393516087601625, 0.9272863187414477]
Hit@1 raw: [0.14423076923076922, 0.18571428571428572, 0.20192307692307693, 0.19902912621359223, 0.1990521327014218, 0.18226600985221675, 0.21559633027522937, 0.18571428571428572, 0.18181818181818182, 0.19806763285024154]
Hit@2 raw: [0.1346153846153846, 0.15714285714285714, 0.1778846153846154, 0.18446601941747573, 0.17061611374407584, 0.16748768472906403, 0.1834862385321101, 0.15714285714285714, 0.14832535885167464, 0.1932367149758454]
Hit@3 raw: [0.125, 0.14761904761904762, 0.17307692307692307, 0.17475728155339806, 0.16113744075829384, 0.14285714285714285, 0.1743119266055046, 0.1380952380952381, 0.1339712918660287, 0.178743961352657]
Hits@5 raw: [0.14134615384615387, 0.16095238095238093, 0.17692307692307693, 0.19029126213592226, 0.18199052132701418, 0.15960591133004928, 0.20366972477064216, 0.17523809523809522, 0.17129186602870813, 0.20193236714975848]

Positive preference MAP: 0.8287495527227169
Negative preference MAP: 0.9385826400095147
Hit@1: 0.18934118312933013
Hit@2: 0.167440384453596
Hit@3: 0.1549570253784234
Hits@5: 0.17632413597018015

Wide & Deep (Remove Tasks):
Pos ap raw: [0.7172649544607298, 0.7306078566372798, 0.6878131477388617, 0.6350351171124579, 0.766159235875591, 0.7417222706558357, 0.7563360414845088, 0.752221006137288, 0.7809220005793707, 0.7269572354491203]
Neg ap raw: [0.9467595244862949, 0.9528005265890739, 0.9158983397909346, 0.9449344335960053, 0.9385912946049034, 0.9368076923396605, 0.9431709671664067, 0.9226925528283648, 0.9397009424800157, 0.9198654421516518]
Hit@1 raw: [0.10096153846153846, 0.12857142857142856, 0.14423076923076922, 0.1407766990291262, 0.1848341232227488, 0.1625615763546798, 0.18807339449541285, 0.14761904761904762, 0.13875598086124402, 0.1497584541062802]
Hit@2 raw: [0.08653846153846154, 0.10952380952380952, 0.125, 0.1262135922330097, 0.16113744075829384, 0.15270935960591134, 0.15137614678899083, 0.12857142857142856, 0.10526315789473684, 0.13526570048309178]
Hit@3 raw: [0.07692307692307693, 0.1, 0.125, 0.12135922330097088, 0.16113744075829384, 0.13793103448275862, 0.14220183486238533, 0.1, 0.09090909090909091, 0.13043478260869565]
Hits@5 raw: [0.10288461538461541, 0.1180952380952381, 0.14134615384615384, 0.14271844660194175, 0.16018957345971563, 0.14679802955665028, 0.17889908256880738, 0.14761904761904765, 0.138755980861244, 0.1642512077294686]

Positive preference MAP: 0.7295038866131043
Negative preference MAP: 0.9361221716033311
Hit@1: 0.14861430119522756
Hit@2: 0.1281599097397734
Hit@3: 0.1185896483845272
Hits@5: 0.14415573757228825





