Random:
Pos ap raw: [0.4432630991770342, 0.3957633044417937, 0.3023628230628575, 0.5399275239824888, 0.8859823331928228, 0.8720141396784522, 0.29148060245786184, 0.5877282468663477, 0.6215496016385799, 0.5911201546418264, 0.5175662846817638, 0.7959942856896752, 0.6133153206911298, 0.8120038966109706, 0.6653443885092308, 0.7769197859908176, 0.4145585757265324, 0.6553532080765432, 0.3759568847045628, 0.7913317221241098, 0.8466476484050697, 0.8344966876227242, 0.635173615204176]
Neg ap raw: [0.7337740862051295, 0.8543768344762157, 1.0, 0.6030515517396523, 0.8542620175447186, 0.91105988462074, 0.8264980772992111, 0.8188039317771196, 0.8209466452389528, 0.9331251582120651, 0.36207887682016265, 0.7042099632307383, 0.7163932513942727, 0.9832866362033029, 0.3394272868152972, 0.747883827850769, 0.8783034298814743, 0.827002887136822, 0.7456989195142789, 0.3108752200767164, 0.6507716682826976, 0.8763177467956881, 1.0]

Positive preference MAP:
              pour     scoop      stab       cut     lift    hammer  handover
cup      0.443263  0.395763  0.000000  0.000000  0.00000  0.302363  0.539928
spatula  0.885982  0.872014  0.291481  0.587728  0.62155  0.591120  0.517566
bowl     0.000000  0.795994  0.000000  0.000000  0.00000  0.613315  0.812004
pan      0.665344  0.776920  0.414559  0.000000  0.00000  0.655353  0.375957
bottle   0.791332  0.846648  0.000000  0.000000  0.00000  0.834497  0.635174
Mean: 0.6202545275294509, Weighted Average: 0.546425115653645

Negative preference MAP:
              pour     scoop      stab       cut      lift    hammer  handover
cup      0.733774  0.854377  0.000000  0.000000  0.000000  1.000000  0.603052
spatula  0.854262  0.911060  0.826498  0.818804  0.820947  0.933125  0.362079
bowl     0.704210  0.716393  0.000000  0.000000  0.000000  0.983287  0.339427
pan      0.747884  0.878303  0.827003  0.000000  0.000000  0.745699  0.310875
bottle   0.650772  0.876318  0.000000  0.000000  0.000000  1.000000  0.000000
Mean: 0.7607890391789576, Weighted Average: 0.7486936871960322


FT:
Pos ap raw: [0.7538301741792612, 0.6587518032037356, 0.6830309391712901, 0.7906042703739377, 1.0, 1.0, 0.24908409979096807, 0.9869825708061002, 0.9715270483193277, 0.9583442265795206, 0.5316399107975128, 0.7654201384957197, 0.5610863883591156, 0.8271854673674197, 0.9563764630431297, 0.9981060606060606, 0.3658015081467093, 0.5925654090627069, 0.7411643306431748, 0.9866600508624502, 1.0, 0.7695581804369398, 0.5863126334015328]
Neg ap raw: [0.9772363729210771, 0.975404360623526, 1.0, 0.8274972463367248, 0.9923026315789475, 0.9543859649122807, 0.9379613496883235, 0.9920478132978132, 0.9913216066341066, 0.9911642369975703, 0.9518985587329912, 0.7411727975650926, 0.7421033045030401, 0.9846575543797766, 0.37471382291312627, 0.9810864815534577, 0.9830345335015098, 0.965966492754833, 0.9550865800865801, 0.7962894821228156, 0.9442168890620902, 1.0, 1.0]
Positive preference MAP:
              pour     scoop      stab       cut      lift    hammer  handover
cup      0.753830  0.658752  0.000000  0.000000  0.000000  0.683031  0.790604
spatula  1.000000  1.000000  0.249084  0.986983  0.971527  0.958344  0.531640
bowl     0.000000  0.765420  0.000000  0.000000  0.000000  0.561086  0.827185
pan      0.956376  0.998106  0.365802  0.000000  0.000000  0.592565  0.741164
bottle   0.986660  1.000000  0.000000  0.000000  0.000000  0.769558  0.586313
Mean: 0.7710448553759397, Weighted Average: 0.7139764843893082

Negative preference MAP:
              pour     scoop      stab       cut      lift    hammer  handover
cup      0.977236  0.975404  0.000000  0.000000  0.000000  1.000000  0.827497
spatula  0.992303  0.954386  0.937961  0.992048  0.991322  0.991164  0.951899
bowl     0.741173  0.742103  0.000000  0.000000  0.000000  0.984658  0.374714
pan      0.981086  0.983035  0.965966  0.000000  0.000000  0.955087  0.796289
bottle   0.944217  1.000000  0.000000  0.000000  0.000000  1.000000  0.000000
Mean: 0.9156325252245949, Weighted Average: 0.8827624175531026


FT with states and tasks:
Pos ap raw: [0.41461560616979215, 0.6587518032037356, 0.6830309391712901, 0.8618168257317252, 1.0, 1.0, 0.24908409979096807, 0.9869825708061002, 0.9715270483193277, 0.9583442265795206, 0.42750479731008173, 0.7642239662469158, 0.5610863883591156, 0.79196869203007, 0.9563764630431297, 0.9981060606060606, 0.3658015081467093, 0.5925654090627069, 0.3471356524929797, 0.9866600508624502, 1.0, 0.7695581804369398, 0.5863126334015328]
Neg ap raw: [0.9385583945291207, 0.9548314366609822, 1.0, 0.8318919395373879, 0.9923026315789475, 0.9543859649122807, 0.7745430201020739, 0.9920478132978132, 0.9913216066341066, 0.9911642369975703, 0.7700057009267535, 0.7318000013971838, 0.7409035089282445, 0.9846575543797766, 0.37471382291312627, 0.9810864815534577, 0.9830345335015098, 0.965966492754833, 0.9550865800865801, 0.9522947731281063, 0.9442168890620902, 1.0, 1.0]
Positive preference MAP:
              pour     scoop      stab       cut      lift    hammer  handover
cup      0.414616  0.658752  0.000000  0.000000  0.000000  0.683031  0.861817
spatula  1.000000  1.000000  0.249084  0.986983  0.971527  0.958344  0.427505
bowl     0.000000  0.764224  0.000000  0.000000  0.000000  0.561086  0.791969
pan      0.956376  0.998106  0.365802  0.000000  0.000000  0.592565  0.347136
bottle   0.986660  1.000000  0.000000  0.000000  0.000000  0.769558  0.586313
Mean: 0.7361501270335282, Weighted Average: 0.6777963559965519

Negative preference MAP:
              pour     scoop      stab       cut      lift    hammer  handover
cup      0.938558  0.954831  0.000000  0.000000  0.000000  1.000000  0.831892
spatula  0.992303  0.954386  0.774543  0.992048  0.991322  0.991164  0.770006
bowl     0.731800  0.740904  0.000000  0.000000  0.000000  0.984658  0.374714
pan      0.981086  0.983035  0.965966  0.000000  0.000000  0.955087  0.952295
bottle   0.944217  1.000000  0.000000  0.000000  0.000000  1.000000  0.000000
Mean: 0.9045571036035629, Weighted Average: 0.8674192515115919




KNN:
Pos ap raw: [0.5798844664977, 0.4342186498765336, 0.2544595105998615, 0.6382171227964951, 0.9404965248071174, 0.8860780095138973, 0.6486457018619686, 0.6267879758788308, 0.6466644798198132, 0.7216985953018342, 0.742940135921913, 0.8429195591838525, 0.6355217569121312, 0.8497391012891508, 0.8715874781783872, 0.9682433097205825, 0.7485490550996227, 0.646195763083686, 0.9081552908687842, 0.9906140566372373, 0.9141738345731246, 0.9342921967623082, 0.9213685298404961]
Neg ap raw: [0.9017534251833491, 0.9267082259454712, 1.0, 0.8264108025578899, 0.9275555555555556, 0.9569775132275132, 0.9607310677258353, 0.8035683533880758, 0.8215580060162366, 0.9184498943561121, 0.7253187709012514, 0.7273245779604753, 0.8114986999459517, 0.9825995901434498, 0.6237610231431551, 0.9593704766009861, 0.9955337690631808, 0.9676105738271262, 0.8453703703703703, 0.9486172172627282, 0.9238155539993775, 0.8819696969696971, 1.0]
Positive preference MAP:
              pour     scoop      stab       cut      lift    hammer  handover
cup      0.579884  0.434219  0.000000  0.000000  0.000000  0.254460  0.638217
spatula  0.940497  0.886078  0.648646  0.626788  0.646664  0.721699  0.742940
bowl     0.000000  0.842920  0.000000  0.000000  0.000000  0.635522  0.849739
pan      0.871587  0.968243  0.748549  0.000000  0.000000  0.646196  0.908155
bottle   0.990614  0.914174  0.000000  0.000000  0.000000  0.934292  0.921369
Mean: 0.754410917609797, Weighted Average: 0.6395255186244913

Negative preference MAP:
              pour     scoop      stab       cut      lift   hammer  handover
cup      0.901753  0.926708  0.000000  0.000000  0.000000  1.00000  0.826411
spatula  0.927556  0.956978  0.960731  0.803568  0.821558  0.91845  0.725319
bowl     0.727325  0.811499  0.000000  0.000000  0.000000  0.98260  0.623761
pan      0.959370  0.995534  0.967611  0.000000  0.000000  0.84537  0.948617
bottle   0.923816  0.881970  0.000000  0.000000  0.000000  1.00000  0.000000
Mean: 0.8885436158323385, Weighted Average: 0.861001579162338


KNN with states and tasks:
Pos ap raw: [0.6858671117492843, 0.4627955398594344, 0.2544595105998615, 0.7836049262396264, 0.9507497909808833, 0.7773761823139403, 0.6506726654575596, 0.5951419495571563, 0.6467612139763248, 0.7216985953018342, 0.7311942741417723, 0.8672101090150627, 0.6355217569121312, 0.8551866512369971, 0.8827112085445419, 0.9766684704184705, 0.9047430122146325, 0.6937990028790213, 0.9415424044861609, 0.9813898841120847, 0.9141738345731246, 0.9538361944313059, 0.93904863464202]
Neg ap raw: [0.9251788447544644, 0.9500743331065157, 1.0, 0.8162831282331983, 0.9333928571428572, 0.9223417207792208, 0.9561960272069789, 0.8034246248529525, 0.8217482731741608, 0.9184498943561121, 0.7780114218188263, 0.7333929354526927, 0.8067169917187716, 0.9825995901434498, 0.6269305902205891, 0.9760804077929277, 0.9937047033538262, 0.9831878422452283, 0.8517857142857143, 0.9745142178395767, 0.9063260582010582, 0.8819696969696971, 1.0]
Positive preference MAP:
              pour     scoop      stab       cut      lift    hammer  handover
cup      0.685867  0.462796  0.000000  0.000000  0.000000  0.254460  0.783605
spatula  0.950750  0.777376  0.650673  0.595142  0.646761  0.721699  0.731194
bowl     0.000000  0.867210  0.000000  0.000000  0.000000  0.635522  0.855187
pan      0.882711  0.976668  0.904743  0.000000  0.000000  0.693799  0.941542
bottle   0.981390  0.914174  0.000000  0.000000  0.000000  0.953836  0.939049
Mean: 0.7741805618975318, Weighted Average: 0.6650779139484869

Negative preference MAP:
              pour     scoop      stab       cut      lift    hammer  handover
cup      0.925179  0.950074  0.000000  0.000000  0.000000  1.000000  0.816283
spatula  0.933393  0.922342  0.956196  0.803425  0.821748  0.918450  0.778011
bowl     0.733393  0.806717  0.000000  0.000000  0.000000  0.982600  0.626931
pan      0.976080  0.993705  0.983188  0.000000  0.000000  0.851786  0.974514
bottle   0.906326  0.881970  0.000000  0.000000  0.000000  1.000000  0.000000
Mean: 0.8931439075499487, Weighted Average: 0.8659534335732182


Wide & Deep:
Pos ap raw: [0.9705207977971294, 0.8556788447635304, 0.8928350970017638, 0.8122376465929831, 1.0, 0.966136226031737, 1.0, 0.9277444488381988, 0.9191457558645059, 0.9651282051282051, 0.7479909670267458, 0.7803230398829265, 0.5776145571600118, 0.8312482548074, 0.9563764630431297, 0.9180217509762965, 0.9579841269841269, 0.8190797960317117, 0.9948412698412697, 0.9866600508624502, 0.9655765591410282, 0.9368467841682127, 0.8413174179049904]
Neg ap raw: [0.9776744071091112, 0.975404360623526, 1.0, 0.8609056949189146, 0.871875, 0.9637731481481483, 0.9379613496883235, 0.9696367526873789, 0.9696711425142418, 0.9911642369975703, 0.9841662526186337, 0.7225388609556475, 0.7455755267252623, 0.9859991800488876, 0.38272958200783275, 0.9952741702741703, 0.9008181568746585, 0.965966492754833, 0.9325597242263909, 0.8362806637806638, 0.9442168890620902, 0.8777722277722277, 1.0]
Positive preference MAP:
              pour     scoop      stab       cut      lift    hammer  handover
cup      0.970521  0.855679  0.000000  0.000000  0.000000  0.892835  0.812238
spatula  1.000000  0.966136  1.000000  0.927744  0.919146  0.965128  0.747991
bowl     0.000000  0.780323  0.000000  0.000000  0.000000  0.577615  0.831248
pan      0.956376  0.918022  0.957984  0.000000  0.000000  0.819080  0.994841
bottle   0.986660  0.965577  0.000000  0.000000  0.000000  0.936847  0.841317
Mean: 0.8966655678194937, Weighted Average: 0.8280618626034404

Negative preference MAP:
              pour     scoop      stab       cut      lift    hammer  handover
cup      0.977674  0.975404  0.000000  0.000000  0.000000  1.000000  0.860906
spatula  0.871875  0.963773  0.937961  0.969637  0.969671  0.991164  0.984166
bowl     0.722539  0.745576  0.000000  0.000000  0.000000  0.985999  0.382730
pan      0.995274  0.900818  0.965966  0.000000  0.000000  0.932560  0.836281
bottle   0.944217  0.877772  0.000000  0.000000  0.000000  1.000000  0.000000
Mean: 0.9039984269473267, Weighted Average: 0.8774121437961981


Wide & Deep: (No context)
Pos ap raw: [0.909442755469087, 0.9154784321493248, 0.9236992945326278, 0.6693913725255523, 1.0, 0.9944444444444445, 1.0, 0.9277444488381988, 0.9161773700836201, 0.9651282051282051, 0.5308621816329286, 0.7821068554825317, 0.5306492527080762, 0.823986760418554, 0.9563764630431297, 0.9180217509762965, 0.9368333333333332, 0.8738467261904761, 0.9948412698412697, 0.9866600508624502, 0.9655765591410282, 0.9368467841682127, 0.8413174179049904]
Neg ap raw: [0.9776103045450087, 0.975404360623526, 1.0, 0.8614791754871719, 0.9359375, 0.9637731481481483, 0.9379613496883235, 0.9708081255064791, 0.9689105460236723, 0.9962655750534538, 0.9867693033277448, 0.7384668091091041, 0.7455755267252623, 0.9857072420486163, 0.371719120247371, 0.9952741702741703, 0.9245502142909263, 0.965966492754833, 0.9398148148148149, 0.7962894821228156, 0.9442168890620902, 0.8777722277722277, 1.0]
Positive preference MAP:
              pour     scoop      stab       cut      lift    hammer  handover
cup      0.909443  0.915478  0.000000  0.000000  0.000000  0.923699  0.669391
spatula  1.000000  0.994444  1.000000  0.927744  0.916177  0.965128  0.530862
bowl     0.000000  0.782107  0.000000  0.000000  0.000000  0.530649  0.823987
pan      0.956376  0.918022  0.936833  0.000000  0.000000  0.873847  0.994841
bottle   0.986660  0.965577  0.000000  0.000000  0.000000  0.936847  0.841317
Mean: 0.8825839882119277, Weighted Average: 0.8088738793884552

Negative preference MAP:
              pour     scoop      stab       cut      lift    hammer  handover
cup      0.977610  0.975404  0.000000  0.000000  0.000000  1.000000  0.861479
spatula  0.935937  0.963773  0.937961  0.970808  0.968911  0.996266  0.986769
bowl     0.738467  0.745576  0.000000  0.000000  0.000000  0.985707  0.371719
pan      0.995274  0.924550  0.965966  0.000000  0.000000  0.939815  0.796289
bottle   0.944217  0.877772  0.000000  0.000000  0.000000  1.000000  0.000000
Mean: 0.9069683642445984, Weighted Average: 0.8802710144137598



