Random:
Pos ap raw: [0.5124046098119737, 0.46383454153273856, 0.3833346964925912, 0.5954233843000512, 0.8499390018688264, 0.8695934482279941, 0.40836145815828473, 0.6314630667155077, 0.5213475698762922, 0.7945536146384311, 0.693454605169727, 0.7657308810515652, 0.6651086414813747, 0.7045384190972426, 0.37902895508567164, 0.7035392032380366, 0.4829701806271294, 0.8385824865309882, 0.7768104552418007, 0.8032744894286387, 0.6169253009796329]
Neg ap raw: [0.7499500376757644, 0.8536576866420068, 1.0, 1.0, 1.0, 1.0, 0.5716382234844766, 0.8994958745137731, 0.8929825063459932, 0.8403662589558447, 0.9324934452177275, 0.37849748654785975, 0.710315480155959, 0.7029625110452754, 1.0, 1.0, 1.0, 0.9409514845176611, 0.34841366020424647, 0.7595554174410167, 0.9497104701761564, 0.8202349148028018, 1.0, 1.0, 0.8327806452806453, 0.3913969078133751, 0.673327401084754, 0.8784840345985856, 1.0, 1.0, 1.0, 1.0]
Positive preference MAP:
              pour     scoop      stab  cut  lift    hammer  handover
cup      0.512405  0.463835       NaN  NaN   NaN  0.383335  0.595423
spatula  0.849939  0.869593  0.408361  NaN   NaN  0.631463  0.521348
bowl          NaN  0.794554       NaN  NaN   NaN  0.693455  0.765731
pan      0.665109  0.704538  0.379029  NaN   NaN  0.703539  0.482970
bottle   0.838582  0.776810       NaN  NaN   NaN  0.803274  0.616925
mean     0.716509  0.721866  0.393695  NaN   NaN  0.643013  0.596479
Mean: 0.6409628099787856, Weighted Average: 0.37217103155038145

Negative preference MAP:
              pour     scoop      stab  cut  lift    hammer  handover
cup      0.749950  0.853658  1.000000  1.0   1.0  1.000000  0.571638
spatula  0.899496  0.892983  0.840366  NaN   NaN  0.932493  0.378497
bowl     0.710315  0.702963  1.000000  1.0   1.0  0.940951  0.348414
pan      0.759555  0.949710  0.820235  1.0   1.0  0.832781  0.391397
bottle   0.673327  0.878484  1.000000  1.0   1.0  1.000000       NaN
mean     0.758529  0.855559  0.932120  1.0   1.0  0.941245  0.422487
Mean: 0.8477254514532476, Weighted Average: 0.8352388263812928


FT:
Pos ap raw: [0.4475362705546852, 0.37477903524001605, 0.2385864947268456, 0.5565937566294149, 0.8362091279415842, 0.865169153992603, 0.27555584083576856, 0.9564102564102563, 0.5844640037141546, 0.7515778994071011, 0.703951132721494, 0.7793656897603198, 0.6085083917466093, 0.5731113124530659, 0.20083723581423096, 0.9158978174603174, 0.23827650977397283, 0.8454711707766335, 0.5983728768304828, 0.5837296121828686, 0.8315156727911638]
Neg ap raw: [0.7631740362055717, 0.8804117661473556, 1.0, 1.0, 1.0, 1.0, 0.6002122380439093, 0.9526315789473685, 0.9462171052631578, 0.960952322477574, 0.9356643360095234, 0.7721473513545606, 0.7292844857133183, 0.7279327431363772, 1.0, 1.0, 1.0, 0.9534902432586095, 0.37472771223754836, 0.9701008458791396, 0.887741024709979, 0.7270002320406014, 1.0, 1.0, 0.9148957103502557, 0.8709246031746032, 0.9070281484368171, 0.8579882610939112, 1.0, 1.0, 1.0, 1.0]
Positive preference MAP:
              pour     scoop      stab  cut  lift    hammer  handover
cup      0.447536  0.374779       NaN  NaN   NaN  0.238586  0.556594
spatula  0.836209  0.865169  0.275556  NaN   NaN  0.956410  0.584464
bowl          NaN  0.751578       NaN  NaN   NaN  0.703951  0.779366
pan      0.608508  0.573111  0.200837  NaN   NaN  0.915898  0.238277
bottle   0.845471  0.598373       NaN  NaN   NaN  0.583730  0.831516
mean     0.684431  0.632602  0.238197  NaN   NaN  0.679715  0.598043
Mean: 0.6079009172268376, Weighted Average: 0.34865403399256073

Negative preference MAP:
              pour     scoop      stab  cut  lift    hammer  handover
cup      0.763174  0.880412  1.000000  1.0   1.0  1.000000  0.600212
spatula  0.952632  0.946217  0.960952  NaN   NaN  0.935664  0.772147
bowl     0.729284  0.727933  1.000000  1.0   1.0  0.953490  0.374728
pan      0.970101  0.887741  0.727000  1.0   1.0  0.914896  0.870925
bottle   0.907028  0.857988  1.000000  1.0   1.0  1.000000       NaN
mean     0.864444  0.860058  0.937591  1.0   1.0  0.960810  0.654503
Mean: 0.8978913982650056, Weighted Average: 0.8717621600174331


KNN:
Pos ap raw: [0.7460897121079827, 0.5770941795874952, 0.24460501324536413, 0.560152048337803, 0.8371577762431737, 0.8253179395054073, 0.33548231142400387, 0.8731481408234801, 0.5721657203294207, 0.8395803008963064, 0.6884643166372515, 0.7510424883391843, 0.5460907907404914, 0.8635593459323407, 0.42225134979972445, 0.5909498336686942, 0.302244279556586, 0.937550602614914, 0.939285059701423, 0.8192627735826267, 0.5287083486605967]
Neg ap raw: [0.8079744110677278, 0.907428287621364, 1.0, 1.0, 1.0, 1.0, 0.6290437250921224, 0.8939874195292152, 0.9122240631449948, 0.8578145551280386, 0.9752067489689242, 0.4145215977120002, 0.721792368361395, 0.7198884483971435, 1.0, 1.0, 1.0, 0.9439341619526304, 0.3660917101843713, 0.7703453004729215, 0.9421114899382873, 0.8179672078928494, 1.0, 1.0, 0.8439118071471013, 0.7294515359272842, 0.7131574675324676, 0.9177609427609427, 1.0, 1.0, 1.0, 1.0]
Positive preference MAP:
              pour     scoop      stab  cut  lift    hammer  handover
cup      0.746090  0.577094       NaN  NaN   NaN  0.244605  0.560152
spatula  0.837158  0.825318  0.335482  NaN   NaN  0.873148  0.572166
bowl          NaN  0.839580       NaN  NaN   NaN  0.688464  0.751042
pan      0.546091  0.863559  0.422251  NaN   NaN  0.590950  0.302244
bottle   0.937551  0.939285       NaN  NaN   NaN  0.819263  0.528708
mean     0.766722  0.808967  0.378867  NaN   NaN  0.643286  0.542863
Mean: 0.6571524919873463, Weighted Average: 0.3859208737773557

Negative preference MAP:
              pour     scoop      stab  cut  lift    hammer  handover
cup      0.807974  0.907428  1.000000  1.0   1.0  1.000000  0.629044
spatula  0.893987  0.912224  0.857815  NaN   NaN  0.975207  0.414522
bowl     0.721792  0.719888  1.000000  1.0   1.0  0.943934  0.366092
pan      0.770345  0.942111  0.817967  1.0   1.0  0.843912  0.729452
bottle   0.713157  0.917761  1.000000  1.0   1.0  1.000000       NaN
mean     0.781451  0.879883  0.935156  1.0   1.0  0.952611  0.534777
Mean: 0.8713941640259932, Weighted Average: 0.8564634295829486


Wide & Deep:
Pos ap raw: [0.8628083726323109, 0.6239922802554733, 0.841844193817878, 0.7511071196873053, 1.0, 0.9257572317460089, 0.9965277777777778, 0.9564102564102563, 0.47802291628689936, 0.7621504316053176, 0.7204793015223901, 0.7890158986406979, 0.9630157394046283, 0.5077492087219782, 0.9557671957671957, 0.6479025092124937, 0.9914021164021163, 0.9777667514374171, 1.0, 0.9368467841682127, 0.7795440181424919]
Neg ap raw: [0.9173788232268082, 0.8958402779620067, 1.0, 1.0, 1.0, 1.0, 0.7220469518548179, 0.971875, 0.96484375, 0.896986100790764, 0.991243068799887, 0.9807898306599605, 0.7451641153429479, 0.7281456101887928, 1.0, 1.0, 1.0, 0.9534902432586095, 0.409379202543386, 0.9701008458791396, 0.887741024709979, 0.7872046451640492, 1.0, 1.0, 0.862909799751905, 0.8709246031746032, 0.9070281484368171, 1.0, 1.0, 1.0, 1.0, 1.0]
Positive preference MAP:
              pour     scoop      stab  cut  lift    hammer  handover
cup      0.862808  0.623992       NaN  NaN   NaN  0.841844  0.751107
spatula  1.000000  0.925757  0.996528  NaN   NaN  0.956410  0.478023
bowl          NaN  0.762150       NaN  NaN   NaN  0.720479  0.789016
pan      0.963016  0.507749  0.955767  NaN   NaN  0.647903  0.991402
bottle   0.977767  1.000000       NaN  NaN   NaN  0.936847  0.779544
mean     0.950898  0.763930  0.976147  NaN   NaN  0.820697  0.757818
Mean: 0.8318147668399453, Weighted Average: 0.49134429453173956

Negative preference MAP:
              pour     scoop      stab  cut  lift    hammer  handover
cup      0.917379  0.895840  1.000000  1.0   1.0  1.000000  0.722047
spatula  0.971875  0.964844  0.896986  NaN   NaN  0.991243  0.980790
bowl     0.745164  0.728146  1.000000  1.0   1.0  0.953490  0.409379
pan      0.970101  0.887741  0.787205  1.0   1.0  0.862910  0.870925
bottle   0.907028  1.000000  1.000000  1.0   1.0  1.000000       NaN
mean     0.902309  0.895314  0.936838  1.0   1.0  0.961529  0.745785
Mean: 0.9207216263045148, Weighted Average: 0.8976954952559704


Wide & Deep No State:
Pos ap raw: [0.9678737321094353, 0.758946463837577, 0.34612617726652806, 0.7303504579294285, 1.0, 0.9965277777777778, 0.7096056142931143, 0.9564102564102563, 0.45875992457470977, 0.7519265632100495, 0.6550899247171544, 0.8007466422651133, 0.9630157394046283, 0.47651194987424933, 0.30324088349221645, 0.8104196671384172, 0.940086326928432, 0.9777667514374171, 1.0, 0.9368467841682127, 0.8315156727911638]
Neg ap raw: [0.9316250691044498, 0.9292413338579776, 1.0, 1.0, 1.0, 1.0, 0.45363907808264625, 1.0, 0.99296875, 0.858362713970541, 0.9929881986700169, 0.9807898306599605, 0.7491001458060267, 0.7222150678674802, 1.0, 1.0, 1.0, 0.9564223420240415, 0.4110655680784357, 0.9937469937469937, 0.8713361333050876, 0.832422553939582, 1.0, 1.0, 0.7839147207568261, 0.8709246031746032, 0.9070281484368171, 1.0, 1.0, 1.0, 1.0, 1.0]
Positive preference MAP:
              pour     scoop      stab  cut  lift    hammer  handover
cup      0.967874  0.758946       NaN  NaN   NaN  0.346126  0.730350
spatula  1.000000  0.996528  0.709606  NaN   NaN  0.956410  0.458760
bowl          NaN  0.751927       NaN  NaN   NaN  0.655090  0.800747
pan      0.963016  0.476512  0.303241  NaN   NaN  0.810420  0.940086
bottle   0.977767  1.000000       NaN  NaN   NaN  0.936847  0.831516
mean     0.977164  0.796783  0.506423  NaN   NaN  0.740979  0.752292
Mean: 0.779607967125042, Weighted Average: 0.45915973580460046

Negative preference MAP:
              pour     scoop      stab  cut  lift    hammer  handover
cup      0.931625  0.929241  1.000000  1.0   1.0  1.000000  0.453639
spatula  1.000000  0.992969  0.858363  NaN   NaN  0.992988  0.980790
bowl     0.749100  0.722215  1.000000  1.0   1.0  0.956422  0.411066
pan      0.993747  0.871336  0.832423  1.0   1.0  0.783915  0.870925
bottle   0.907028  1.000000  1.000000  1.0   1.0  1.000000       NaN
mean     0.916300  0.903152  0.938157  1.0   1.0  0.946665  0.679105
Mean: 0.9136809766087964, Weighted Average: 0.8858797934451699

Number of object instances:
 [[36. 36. 36. 36. 36. 36. 36.]
 [16. 16. 16.  0.  0. 16. 16.]
 [24. 24. 24. 24. 24. 24. 24.]
 [12. 12. 12. 12. 12. 12. 12.]
 [12. 12. 12. 12. 12. 12. 12.]]






